<?xml version="1.0"?>
<opencv_storage>
<Camera_Matrix type_id="opencv-matrix">
  <rows>3</rows>
  <cols>3</cols>
  <dt>d</dt>
  <data>
    5.3605311779276565e+002 0. 3.1950000000000000e+002 0.
    5.3605311779276565e+002 2.3950000000000000e+002 0. 0. 1.</data></Camera_Matrix>
<Distortion_Coefficients type_id="opencv-matrix">
  <rows>5</rows>
  <cols>1</cols>
  <dt>d</dt>
  <data>
    -7.5282206096757773e-002 -4.1385656642463647e-001 0. 0.
    1.8873372863403757e+000</data></Distortion_Coefficients>
</opencv_storage>
