<?xml version="1.0"?>
<opencv_storage>
<calibration_Time>"01/04/13 15:22:58"</calibration_Time>
<nrOfFrames>25</nrOfFrames>
<image_Width>640</image_Width>
<image_Height>480</image_Height>
<board_Width>9</board_Width>
<board_Height>6</board_Height>
<square_Size>50.</square_Size>
<FixAspectRatio>1.</FixAspectRatio>
<!-- flags:  +fix_aspectRatio +fix_principal_point +zero_tangent_dist -->
<flagValue>14</flagValue>
<Camera_Matrix type_id="opencv-matrix">
  <rows>3</rows>
  <cols>3</cols>
  <dt>d</dt>
  <data>
    7.9657299110744543e+002 0. 3.1950000000000000e+002 0.
    7.9657299110744543e+002 2.3950000000000000e+002 0. 0. 1.</data></Camera_Matrix>
<Distortion_Coefficients type_id="opencv-matrix">
  <rows>5</rows>
  <cols>1</cols>
  <dt>d</dt>
  <data>
    -1.2934763752655315e-001 1.6554150366744376e+000 0. 0.
    -7.8517390502797522e+000</data></Distortion_Coefficients>
<Avg_Reprojection_Error>3.1229653634766130e-001</Avg_Reprojection_Error>
<Per_View_Reprojection_Errors type_id="opencv-matrix">
  <rows>25</rows>
  <cols>1</cols>
  <dt>f</dt>
  <data>
    2.77905911e-001 1.76081389e-001 1.48925081e-001 1.91325322e-001
    1.63173839e-001 3.71190310e-001 1.55824736e-001 1.92020431e-001
    1.83598340e-001 2.41023093e-001 7.34266162e-001 5.83839238e-001
    6.92254663e-001 3.16974461e-001 2.10662618e-001 2.30325863e-001
    2.31735244e-001 2.18992561e-001 2.38886803e-001 2.33789653e-001
    1.69889376e-001 1.68230072e-001 1.84236676e-001 1.98062196e-001
    2.30204180e-001</data></Per_View_Reprojection_Errors>
<!-- a set of 6-tuples (rotation vector + translation vector) for each view -->
<Extrinsic_Parameters type_id="opencv-matrix">
  <rows>25</rows>
  <cols>6</cols>
  <dt>d</dt>
  <data>
    -6.4216537353103720e-001 -1.0395289594055085e-001
    -1.7464863364650310e-001 -1.6875992305807702e+002
    1.3384894684244009e+002 1.4080705512088459e+003
    -5.0636777470891614e-001 -8.2312468757160515e-002
    -1.9072885177546547e-001 -1.6881499314010128e+002
    -8.8526549695307267e+001 1.4490417071897646e+003
    -5.0048025151939257e-001 -7.2062661754919724e-002
    -1.8600448710547968e-001 -1.6979378076700115e+002
    -1.0156638531302858e+002 1.4490991149500030e+003
    -4.6086138557885270e-001 -7.6144072000843541e-002
    -1.7582769859689173e-001 -1.6767182000028606e+002
    -1.2031405437853796e+002 1.4445471440656565e+003
    -4.9648936215550293e-001 -8.9894707895904036e-002
    -1.9643777724351261e-001 -1.9031652633400512e+002
    -8.0854145939435895e+001 1.4495973628086347e+003
    -5.5613885601790936e-001 -7.6295004680572279e-002
    -3.6897561849113980e-001 -1.5244016818731347e+002
    1.7297948074187367e+001 1.4427362154826462e+003
    -5.5630582354520042e-001 1.7798675278615072e-002
    -4.7497642808074508e-001 -1.6478256118412835e+002
    -1.9654938697504136e+001 1.4468058359363497e+003
    -5.5475263613812498e-001 8.1643721038807890e-003
    -5.7497063875832954e-001 -1.8138933623165647e+002
    4.3262771139146679e+001 1.4396612486126148e+003
    -5.1304689699131278e-001 -4.8617868794982241e-002
    -5.1698170847055136e-001 -2.5808718818907033e+002
    -3.7138925051749588e+001 1.4050329308931171e+003
    -4.6771460069491072e-001 -4.9308417351905401e-002
    -5.7857980034146195e-001 -3.2097213953914905e+002
    -3.6921717777224195e+001 1.3554618509169820e+003
    -5.2759824373758824e-001 -1.2969495221598792e-001
    -3.3371413920716353e-001 -2.3722494016675316e+002
    -5.1894768576591389e+001 1.3198944852634722e+003
    -4.7541575809347419e-001 -1.4831345110288791e-001
    1.1195348447344744e-001 -1.5720675341440494e+002
    -1.4727715949941845e+002 1.2885893651960046e+003
    -4.9354957971401670e-001 -1.4756898869343421e-001
    2.7751043965111433e-001 -1.0289733633875147e+002
    -7.9858050024895732e+001 1.2802163446856146e+003
    -5.8182668157236295e-001 -1.2219343070293480e-001
    4.1416178005692511e-001 -1.6066067239419377e+002
    -9.2279582254192746e+001 1.3095108483576371e+003
    -6.2140932746769506e-001 1.5319686931068168e-002
    3.2171830316511352e-001 -7.4652238448098885e+001
    -9.4790605733805737e+000 1.2598991679338963e+003
    -6.2349533579194283e-001 1.1227101132935787e-002
    3.2220451512057929e-001 -7.4392216236224115e+001
    -1.0157158672063121e+001 1.2568544324137686e+003
    -6.2731174600297912e-001 1.1824556489823721e-002
    3.1991626760503383e-001 -7.8081073261515968e+001
    -1.2949858923448996e+000 1.2581757933396468e+003
    -6.3034177336347841e-001 1.5168832934785537e-002
    3.1186366590852688e-001 -8.2124757416384426e+001
    -3.4787580823051489e+000 1.2592449884566104e+003
    -5.9101043020399913e-001 4.8105063256434185e-003
    3.0535827723765291e-001 -1.1568894287298816e+002
    -8.3217451852600320e+001 1.2645917839028677e+003
    -5.2072882489091710e-001 -4.0859547421129995e-002
    3.0134945195263380e-001 -1.3998996366962413e+002
    -1.6892026545068322e+002 1.2477856618144026e+003
    -5.2460961475409817e-001 -2.9145315094767248e-002
    3.0419862325342467e-001 -1.3251233264542134e+002
    -1.6638150784826533e+002 1.2537051838523175e+003
    -5.2421226889744488e-001 -2.0434125658844903e-002
    3.0054500847192356e-001 -1.2986779996176412e+002
    -1.7013534365460205e+002 1.2557410113846861e+003
    -5.0328182377900887e-001 -2.1021427488675810e-002
    2.9191524391772045e-001 -1.3498990107155444e+002
    -2.1394758583239215e+002 1.2483316157328850e+003
    -4.8493017247819559e-001 -3.4871256415970324e-002
    2.8738266833403253e-001 -1.3701428266538107e+002
    -2.3119576376600557e+002 1.2397379595348204e+003
    -4.4840660303400326e-001 -5.2703535740939556e-002
    2.7912381603790420e-001 -1.6476010350712914e+002
    -2.8163967316722398e+002 1.2265116888823832e+003</data></Extrinsic_Parameters>
