<?xml version="1.0"?>
<opencv_storage>
<calibration_Time>"01/04/13 15:21:25"</calibration_Time>
<nrOfFrames>25</nrOfFrames>
<image_Width>640</image_Width>
<image_Height>480</image_Height>
<board_Width>9</board_Width>
<board_Height>6</board_Height>
<square_Size>50.</square_Size>
<FixAspectRatio>1.</FixAspectRatio>
<!-- flags:  +fix_aspectRatio +fix_principal_point +zero_tangent_dist -->
<flagValue>14</flagValue>
<Camera_Matrix type_id="opencv-matrix">
  <rows>3</rows>
  <cols>3</cols>
  <dt>d</dt>
  <data>
    5.3605311779276565e+002 0. 3.1950000000000000e+002 0.
    5.3605311779276565e+002 2.3950000000000000e+002 0. 0. 1.</data></Camera_Matrix>
<Distortion_Coefficients type_id="opencv-matrix">
  <rows>5</rows>
  <cols>1</cols>
  <dt>d</dt>
  <data>
    -7.5282206096757773e-002 -4.1385656642463647e-001 0. 0.
    1.8873372863403757e+000</data></Distortion_Coefficients>
<Avg_Reprojection_Error>2.5799202876868993e-001</Avg_Reprojection_Error>
<Per_View_Reprojection_Errors type_id="opencv-matrix">
  <rows>25</rows>
  <cols>1</cols>
  <dt>f</dt>
  <data>
    2.38841131e-001 1.50874645e-001 1.20892540e-001 1.35145202e-001
    2.23126769e-001 2.31136605e-001 2.08190754e-001 1.67556465e-001
    1.91053450e-001 2.74815053e-001 4.84169334e-001 2.58503199e-001
    6.73074603e-001 3.30532223e-001 3.85602176e-001 2.24972308e-001
    1.67100623e-001 1.35003716e-001 1.69273987e-001 1.61229193e-001
    1.67232499e-001 1.15962446e-001 1.29444093e-001 1.48534641e-001
    1.44224986e-001</data></Per_View_Reprojection_Errors>
<!-- a set of 6-tuples (rotation vector + translation vector) for each view -->
<Extrinsic_Parameters type_id="opencv-matrix">
  <rows>25</rows>
  <cols>6</cols>
  <dt>d</dt>
  <data>
    -5.9959362396069305e-001 8.2907470507067815e-002
    5.2419828803294849e-002 -1.1013352177688225e+002
    -1.7467359821458544e+002 9.8185319200517438e+002
    -2.5877603417007483e-001 6.6782917009182360e-002
    -1.5399592539607534e-002 -1.3684093027368826e+002
    -3.5262418929334416e+002 1.3153930318818807e+003
    -2.9638662219401185e-001 6.6064874694006862e-002
    -7.1474343771900694e-003 -1.3834361807966985e+002
    -3.1475543577628463e+002 1.3241546730372329e+003
    -3.0308525957803178e-001 4.8100773327895585e-002
    -1.5173816936593728e-002 -1.6050150727133843e+002
    -2.9382140532500125e+002 1.3370045853559764e+003
    -3.9494166045539630e-001 3.8420734909201410e-004
    4.8841927325072899e-002 -1.8842408273193729e+002
    -1.3137290413135793e+002 1.3729704812189798e+003
    -4.7380129644329144e-001 -3.7281587066941096e-002
    1.4501316359291946e-001 -1.7588118753118923e+002
    -6.0322743329256951e+001 1.3871290964534751e+003
    -5.2778961385382128e-001 -4.5522192692481520e-002
    2.1572263248487367e-001 -1.5325579293479475e+002
    -2.3714499135280047e+001 1.3922677780929512e+003
    -5.2749142546707661e-001 -4.2012749947230789e-002
    3.1619724344442440e-001 -1.1726994676165549e+002
    -2.6859685143334779e+001 1.3909682802265761e+003
    -5.0822711526660647e-001 -4.3238636157495139e-002
    3.7114263564129973e-001 -8.6975950615763665e+001
    -4.3302650074117949e+001 1.3853387361413479e+003
    -5.5048735046096497e-001 -4.5920160070549790e-002
    5.3307632781925063e-001 -3.1161718105253641e+001
    -6.3719168471174363e+000 1.3827962054578541e+003
    -5.3278188278144378e-001 -3.8137150632906291e-002
    7.2472526854747199e-001 5.6920895026209301e+001
    1.2512368952741543e+001 1.3750269611429478e+003
    -5.0659053543683408e-001 2.7395424222289994e-002
    8.8773590263521618e-001 1.8858517379911314e+002
    2.2219662353822617e+001 1.3590886510052831e+003
    -5.0302477733833784e-001 9.8198182980415202e-002
    7.0703626437158129e-001 1.3274038766151992e+002
    -8.1639839893451636e+001 1.4130573125964986e+003
    -3.4240802469837173e-001 1.7071661121899254e-001
    -1.0196406760602862e-001 -5.7564043994368497e+001
    -2.2715806541068372e+002 1.3602454277224265e+003
    -5.0732749219579998e-001 1.7653524703379889e-001
    -6.2800868719795022e-001 -1.3915893277677102e+002
    2.3658729590898059e+001 1.3684765093527160e+003
    -3.4778146930576348e-001 2.1076565688218254e-001
    -9.3070747295912426e-001 -3.1436407726535100e+002
    7.9211235265951832e+000 1.3182453602433075e+003
    -4.9698581469456254e-001 -7.3878505861223409e-002
    -5.2200216365696472e-001 -4.3009414085090708e+002
    1.1802777903964223e+002 1.1461561704317010e+003
    -4.8274367589057582e-001 -6.7778894025256789e-002
    -5.1634350292290176e-001 -4.2772255677263104e+002
    1.1072343940187419e+002 1.1404073778948482e+003
    -4.7992972856846383e-001 -6.1461423943577231e-002
    -5.0818144098486762e-001 -4.1022935957657984e+002
    1.2818107661955870e+002 1.1335259989832102e+003
    -4.9899191369762552e-001 -7.3799508803639960e-002
    -4.7843394028224245e-001 -4.0530038819036503e+002
    1.3802100842423357e+002 1.1172937283838005e+003
    -5.0953482804016248e-001 -7.6358960634764314e-002
    -4.7252022226963636e-001 -4.0877220901455826e+002
    1.3033925240076300e+002 1.1177624445776435e+003
    -4.9602847480699697e-001 -8.0883324335884133e-002
    -4.7087321297139051e-001 -4.2622060800916216e+002
    1.0316443344476417e+002 1.1109196633710098e+003
    -4.7078689944690832e-001 -7.7571522633862397e-002
    -4.7104767180159879e-001 -4.3464290305457951e+002
    7.2390307258060346e+001 1.1041733313546140e+003
    -4.6428095579395057e-001 -8.3162255341927255e-002
    -4.7572975198559131e-001 -4.4332509114517683e+002
    6.4790828363725112e+001 1.1012379350583115e+003
    -4.6641361324478736e-001 -8.5767992385269748e-002
    -4.6972729299620719e-001 -4.5135201292524437e+002
    5.8590510907992531e+001 1.0943740832287303e+003</data></Extrinsic_Parameters>
